depth = 15 , trees count = 128 

k= 6 

iteration: 1


GCN on metrics: 0.8

Time: 0:00:03.286825

GCN on vanilla: 0.867
  

depth = 15 , trees count = 128 

k= 6 

iteration: 1


GCN on metrics: 0.8

Time: 0:00:03.224914

depth = 15 , trees count = 128 

k= 6 

iteration: 1


GCN on metrics: 0.917

Time: 0:00:03.236462

depth = 15 , trees count = 128 

k= 6 

iteration: 1


GCN on metrics: 0.833

Time: 0:00:03.211277

