depth = 15 , trees count = 128 

k= 6 

iteration: 1


GCN on metrics: 0.719

Time: 0:00:03.085335

GCN on vanilla: 0.754
  

depth = 15 , trees count = 128 

k= 6 

iteration: 1


GCN on metrics: 0.842

Time: 0:00:03.127155

depth = 15 , trees count = 128 

k= 6 

iteration: 1


GCN on metrics: 0.842

Time: 0:00:03.148864

depth = 15 , trees count = 128 

k= 6 

iteration: 1


GCN on metrics: 0.754

Time: 0:00:03.111709

