depth = 15 , trees count = 128 

k= 6 

iteration: 1


GCN on metrics: 0.893

Time: 0:00:03.434093

GCN on vanilla: 0.786
  

depth = 15 , trees count = 128 

k= 6 

iteration: 1


GCN on metrics: 0.821

Time: 0:00:03.429169

depth = 15 , trees count = 128 

k= 6 

iteration: 1


GCN on metrics: 0.804

Time: 0:00:03.422483

depth = 15 , trees count = 128 

k= 6 

iteration: 1


GCN on metrics: 0.768

Time: 0:00:03.426068

