depth = 15 , trees count = 128 

k= 6 

iteration: 1


GCN on metrics: 0.875

Time: 0:00:02.902343

GCN on vanilla: 0.8
  

depth = 15 , trees count = 128 

k= 6 

iteration: 1


GCN on metrics: 0.65

Time: 0:00:02.917246

depth = 15 , trees count = 128 

k= 6 

iteration: 1


GCN on metrics: 0.8

Time: 0:00:02.913488

depth = 15 , trees count = 128 

k= 6 

iteration: 1


GCN on metrics: 0.85

Time: 0:00:02.913348

