depth = 15 , trees count = 128 

k= 26 

iteration: 1


GCN on metrics: 0.945

Time: 0:00:05.710303

GCN on vanilla: 0.965
  

depth = 15 , trees count = 128 

k= 6 

iteration: 1


GCN on metrics: 1.0

Time: 0:00:08.262056

GCN on vanilla: 0.985
  

depth = 15 , trees count = 128 

k= 6 

iteration: 1


GCN on metrics: 0.995

Time: 0:00:07.814984

GCN on vanilla: 0.99
  

depth = 15 , trees count = 128 

k= 6 

iteration: 1


GCN on metrics: 0.93

Time: 0:00:13.147113

GCN on vanilla: 0.985
  

