depth = 15 , trees count = 128 

k= 6 

iteration: 1


GCN on metrics: 0.92

Time: 0:00:03.542254

GCN on vanilla: 0.94
  

depth = 15 , trees count = 128 

k= 6 

iteration: 1


GCN on metrics: 0.86

Time: 0:00:03.566304

depth = 15 , trees count = 128 

k= 6 

iteration: 1


GCN on metrics: 0.9

Time: 0:00:03.607914

depth = 15 , trees count = 128 

k= 6 

iteration: 1


GCN on metrics: 0.92

Time: 0:00:03.552342

