depth = 15 , trees count = 128 

k= 26 

iteration: 1


GCN on metrics: 0.854

Time: 0:00:05.806637

GCN on vanilla: 0.833
  

depth = 15 , trees count = 128 

k= 6 

iteration: 1


GCN on metrics: 0.786

Time: 0:00:07.476374

GCN on vanilla: 0.823
  

depth = 15 , trees count = 128 

k= 6 

iteration: 1


GCN on metrics: 0.781

Time: 0:00:08.133858

GCN on vanilla: 0.755
  

depth = 15 , trees count = 128 

k= 6 

iteration: 1


GCN on metrics: 0.667

Time: 0:00:14.214145

GCN on vanilla: 0.818
  

