depth = 15 , trees count = 128 

k= 6 

iteration: 1


GCN on metrics: 0.927

Time: 0:00:02.863404

GCN on vanilla: 0.782
  

depth = 15 , trees count = 128 

k= 6 

iteration: 1


GCN on metrics: 0.982

Time: 0:00:02.807682

depth = 15 , trees count = 128 

k= 6 

iteration: 1


GCN on metrics: 0.945

Time: 0:00:02.831106

depth = 15 , trees count = 128 

k= 6 

iteration: 1


GCN on metrics: 0.873

Time: 0:00:02.857684

