depth = 15 , trees count = 128 

k= 6 

iteration: 1


GCN on metrics: 0.771

Time: 0:00:02.617334

GCN on vanilla: 0.686
  

depth = 15 , trees count = 128 

k= 6 

iteration: 1


GCN on metrics: 0.857

Time: 0:00:02.623761

depth = 15 , trees count = 128 

k= 6 

iteration: 1


GCN on metrics: 0.8

Time: 0:00:02.614183

depth = 15 , trees count = 128 

k= 6 

iteration: 1


GCN on metrics: 0.8

Time: 0:00:02.590164

