depth = 15 , trees count = 128 

k= 6 

iteration: 1


GCN on metrics: 0.914

Time: 0:00:02.931634

GCN on vanilla: 0.657
  

depth = 15 , trees count = 128 

k= 6 

iteration: 1


GCN on metrics: 0.686

Time: 0:00:02.900338

depth = 15 , trees count = 128 

k= 6 

iteration: 1


GCN on metrics: 0.771

Time: 0:00:02.913531

depth = 15 , trees count = 128 

k= 6 

iteration: 1


GCN on metrics: 0.771

Time: 0:00:02.914480

